{
 "cells": [
  {
   "cell_type": "markdown",
   "metadata": {},
   "source": [
    "# 포트폴리오 이론\n",
    "## 시총 상위 5종목으로 효율적 투자선 구하기"
   ]
  },
  {
   "cell_type": "code",
   "execution_count": 2,
   "metadata": {},
   "outputs": [
    {
     "name": "stdout",
     "output_type": "stream",
     "text": [
      "Collecting pykrx\n",
      "  Downloading pykrx-1.0.41-py3-none-any.whl (125 kB)\n",
      "\u001b[2K     \u001b[90m━━━━━━━━━━━━━━━━━━━━━━━━━━━━━━━━━━━━━━\u001b[0m \u001b[32m125.5/125.5 kB\u001b[0m \u001b[31m63.7 kB/s\u001b[0m eta \u001b[36m0:00:00\u001b[0m00:01\u001b[0m00:01\u001b[0m\n",
      "\u001b[?25hRequirement already satisfied: xlrd in /Users/jihyeon/opt/anaconda3/lib/python3.9/site-packages (from pykrx) (2.0.1)\n",
      "Collecting deprecated\n",
      "  Downloading Deprecated-1.2.13-py2.py3-none-any.whl (9.6 kB)\n",
      "Requirement already satisfied: pandas in /Users/jihyeon/opt/anaconda3/lib/python3.9/site-packages (from pykrx) (1.4.4)\n",
      "Collecting datetime\n",
      "  Downloading DateTime-5.1-py3-none-any.whl (52 kB)\n",
      "\u001b[2K     \u001b[90m━━━━━━━━━━━━━━━━━━━━━━━━━━━━━━━━━━━━━━━━\u001b[0m \u001b[32m52.1/52.1 kB\u001b[0m \u001b[31m2.4 MB/s\u001b[0m eta \u001b[36m0:00:00\u001b[0m\n",
      "\u001b[?25hRequirement already satisfied: requests in /Users/jihyeon/opt/anaconda3/lib/python3.9/site-packages (from pykrx) (2.28.1)\n",
      "Requirement already satisfied: numpy in /Users/jihyeon/opt/anaconda3/lib/python3.9/site-packages (from pykrx) (1.23.0)\n",
      "Requirement already satisfied: pytz in /Users/jihyeon/opt/anaconda3/lib/python3.9/site-packages (from datetime->pykrx) (2023.3)\n",
      "Requirement already satisfied: zope.interface in /Users/jihyeon/opt/anaconda3/lib/python3.9/site-packages (from datetime->pykrx) (5.4.0)\n",
      "Requirement already satisfied: wrapt<2,>=1.10 in /Users/jihyeon/opt/anaconda3/lib/python3.9/site-packages (from deprecated->pykrx) (1.14.1)\n",
      "Requirement already satisfied: python-dateutil>=2.8.1 in /Users/jihyeon/opt/anaconda3/lib/python3.9/site-packages (from pandas->pykrx) (2.8.2)\n",
      "Requirement already satisfied: urllib3<1.27,>=1.21.1 in /Users/jihyeon/opt/anaconda3/lib/python3.9/site-packages (from requests->pykrx) (1.26.11)\n",
      "Requirement already satisfied: charset-normalizer<3,>=2 in /Users/jihyeon/opt/anaconda3/lib/python3.9/site-packages (from requests->pykrx) (2.0.4)\n",
      "Requirement already satisfied: idna<4,>=2.5 in /Users/jihyeon/opt/anaconda3/lib/python3.9/site-packages (from requests->pykrx) (3.3)\n",
      "Requirement already satisfied: certifi>=2017.4.17 in /Users/jihyeon/opt/anaconda3/lib/python3.9/site-packages (from requests->pykrx) (2022.9.24)\n",
      "Requirement already satisfied: six>=1.5 in /Users/jihyeon/opt/anaconda3/lib/python3.9/site-packages (from python-dateutil>=2.8.1->pandas->pykrx) (1.16.0)\n",
      "Requirement already satisfied: setuptools in /Users/jihyeon/opt/anaconda3/lib/python3.9/site-packages (from zope.interface->datetime->pykrx) (63.4.1)\n",
      "Installing collected packages: deprecated, datetime, pykrx\n",
      "Successfully installed datetime-5.1 deprecated-1.2.13 pykrx-1.0.41\n"
     ]
    }
   ],
   "source": [
    "!pip install pykrx"
   ]
  },
  {
   "cell_type": "code",
   "execution_count": 3,
   "metadata": {},
   "outputs": [],
   "source": [
    "import numpy as np\n",
    "import pandas as pd\n",
    "import matplotlib.pyplot as plt\n",
    "from pykrx import stock"
   ]
  },
  {
   "cell_type": "code",
   "execution_count": 10,
   "metadata": {},
   "outputs": [],
   "source": [
    "#삼성전자, SK하이닉스, NAVER, 삼성바이오로직스, LG화학\n",
    "stocks = ['005930', '000660', '035420', '207940', '051910']"
   ]
  },
  {
   "cell_type": "code",
   "execution_count": 15,
   "metadata": {},
   "outputs": [
    {
     "data": {
      "text/plain": [
       "날짜\n",
       "2021-05-03    81700\n",
       "2021-05-04    82600\n",
       "2021-05-06    82300\n",
       "2021-05-07    81900\n",
       "2021-05-10    83200\n",
       "2021-05-11    81200\n",
       "2021-05-12    80000\n",
       "2021-05-13    78500\n",
       "2021-05-14    80100\n",
       "2021-05-17    79600\n",
       "2021-05-18    79600\n",
       "2021-05-20    79500\n",
       "Name: 종가, dtype: int32"
      ]
     },
     "execution_count": 15,
     "metadata": {},
     "output_type": "execute_result"
    }
   ],
   "source": [
    "# 삼전\n",
    "df = stock.get_market_ohlcv_by_date(fromdate=\"20210501\", todate=\"20210520\", ticker=\"005930\")['종가']\n",
    "df"
   ]
  },
  {
   "cell_type": "code",
   "execution_count": 21,
   "metadata": {},
   "outputs": [],
   "source": [
    "df = pd.DataFrame() # 20170401 - 20220401같은 긴 기간은 안 나옴. 이유 파악필요\n",
    "for s in stocks: \n",
    "    df[s] = stock.get_market_ohlcv_by_date(\"20230401\", \"20230430\", s)['종가']\n",
    "    \n",
    "df.columns = ['삼성전자', 'SK하이닉스', 'NAVER', '삼성바이오로직스', 'LG화학']"
   ]
  },
  {
   "cell_type": "code",
   "execution_count": 22,
   "metadata": {},
   "outputs": [
    {
     "data": {
      "text/html": [
       "<div>\n",
       "<style scoped>\n",
       "    .dataframe tbody tr th:only-of-type {\n",
       "        vertical-align: middle;\n",
       "    }\n",
       "\n",
       "    .dataframe tbody tr th {\n",
       "        vertical-align: top;\n",
       "    }\n",
       "\n",
       "    .dataframe thead th {\n",
       "        text-align: right;\n",
       "    }\n",
       "</style>\n",
       "<table border=\"1\" class=\"dataframe\">\n",
       "  <thead>\n",
       "    <tr style=\"text-align: right;\">\n",
       "      <th></th>\n",
       "      <th>삼성전자</th>\n",
       "      <th>SK하이닉스</th>\n",
       "      <th>NAVER</th>\n",
       "      <th>삼성바이오로직스</th>\n",
       "      <th>LG화학</th>\n",
       "    </tr>\n",
       "    <tr>\n",
       "      <th>날짜</th>\n",
       "      <th></th>\n",
       "      <th></th>\n",
       "      <th></th>\n",
       "      <th></th>\n",
       "      <th></th>\n",
       "    </tr>\n",
       "  </thead>\n",
       "  <tbody>\n",
       "    <tr>\n",
       "      <th>2023-04-03</th>\n",
       "      <td>63100</td>\n",
       "      <td>87200</td>\n",
       "      <td>198200</td>\n",
       "      <td>778000</td>\n",
       "      <td>712000</td>\n",
       "    </tr>\n",
       "    <tr>\n",
       "      <th>2023-04-04</th>\n",
       "      <td>63600</td>\n",
       "      <td>84500</td>\n",
       "      <td>201000</td>\n",
       "      <td>788000</td>\n",
       "      <td>722000</td>\n",
       "    </tr>\n",
       "    <tr>\n",
       "      <th>2023-04-05</th>\n",
       "      <td>63900</td>\n",
       "      <td>84600</td>\n",
       "      <td>199200</td>\n",
       "      <td>788000</td>\n",
       "      <td>732000</td>\n",
       "    </tr>\n",
       "    <tr>\n",
       "      <th>2023-04-06</th>\n",
       "      <td>62300</td>\n",
       "      <td>83800</td>\n",
       "      <td>191900</td>\n",
       "      <td>805000</td>\n",
       "      <td>716000</td>\n",
       "    </tr>\n",
       "    <tr>\n",
       "      <th>2023-04-07</th>\n",
       "      <td>65000</td>\n",
       "      <td>89100</td>\n",
       "      <td>193400</td>\n",
       "      <td>796000</td>\n",
       "      <td>714000</td>\n",
       "    </tr>\n",
       "    <tr>\n",
       "      <th>2023-04-10</th>\n",
       "      <td>65700</td>\n",
       "      <td>90700</td>\n",
       "      <td>193000</td>\n",
       "      <td>803000</td>\n",
       "      <td>750000</td>\n",
       "    </tr>\n",
       "    <tr>\n",
       "      <th>2023-04-11</th>\n",
       "      <td>65900</td>\n",
       "      <td>91800</td>\n",
       "      <td>199900</td>\n",
       "      <td>812000</td>\n",
       "      <td>806000</td>\n",
       "    </tr>\n",
       "    <tr>\n",
       "      <th>2023-04-12</th>\n",
       "      <td>66000</td>\n",
       "      <td>90300</td>\n",
       "      <td>198000</td>\n",
       "      <td>800000</td>\n",
       "      <td>775000</td>\n",
       "    </tr>\n",
       "    <tr>\n",
       "      <th>2023-04-13</th>\n",
       "      <td>66100</td>\n",
       "      <td>88700</td>\n",
       "      <td>196400</td>\n",
       "      <td>815000</td>\n",
       "      <td>802000</td>\n",
       "    </tr>\n",
       "    <tr>\n",
       "      <th>2023-04-14</th>\n",
       "      <td>65100</td>\n",
       "      <td>89300</td>\n",
       "      <td>199000</td>\n",
       "      <td>817000</td>\n",
       "      <td>802000</td>\n",
       "    </tr>\n",
       "    <tr>\n",
       "      <th>2023-04-17</th>\n",
       "      <td>65300</td>\n",
       "      <td>88500</td>\n",
       "      <td>197000</td>\n",
       "      <td>812000</td>\n",
       "      <td>805000</td>\n",
       "    </tr>\n",
       "    <tr>\n",
       "      <th>2023-04-18</th>\n",
       "      <td>65600</td>\n",
       "      <td>87600</td>\n",
       "      <td>192800</td>\n",
       "      <td>793000</td>\n",
       "      <td>825000</td>\n",
       "    </tr>\n",
       "    <tr>\n",
       "      <th>2023-04-19</th>\n",
       "      <td>65500</td>\n",
       "      <td>88200</td>\n",
       "      <td>191400</td>\n",
       "      <td>788000</td>\n",
       "      <td>790000</td>\n",
       "    </tr>\n",
       "    <tr>\n",
       "      <th>2023-04-20</th>\n",
       "      <td>65300</td>\n",
       "      <td>87700</td>\n",
       "      <td>191600</td>\n",
       "      <td>785000</td>\n",
       "      <td>800000</td>\n",
       "    </tr>\n",
       "    <tr>\n",
       "      <th>2023-04-21</th>\n",
       "      <td>65700</td>\n",
       "      <td>89100</td>\n",
       "      <td>190300</td>\n",
       "      <td>785000</td>\n",
       "      <td>771000</td>\n",
       "    </tr>\n",
       "    <tr>\n",
       "      <th>2023-04-24</th>\n",
       "      <td>65200</td>\n",
       "      <td>87200</td>\n",
       "      <td>190000</td>\n",
       "      <td>797000</td>\n",
       "      <td>767000</td>\n",
       "    </tr>\n",
       "    <tr>\n",
       "      <th>2023-04-25</th>\n",
       "      <td>63600</td>\n",
       "      <td>85500</td>\n",
       "      <td>186100</td>\n",
       "      <td>786000</td>\n",
       "      <td>742000</td>\n",
       "    </tr>\n",
       "    <tr>\n",
       "      <th>2023-04-26</th>\n",
       "      <td>64100</td>\n",
       "      <td>87400</td>\n",
       "      <td>188100</td>\n",
       "      <td>783000</td>\n",
       "      <td>727000</td>\n",
       "    </tr>\n",
       "    <tr>\n",
       "      <th>2023-04-27</th>\n",
       "      <td>64600</td>\n",
       "      <td>88800</td>\n",
       "      <td>188200</td>\n",
       "      <td>778000</td>\n",
       "      <td>741000</td>\n",
       "    </tr>\n",
       "    <tr>\n",
       "      <th>2023-04-28</th>\n",
       "      <td>65500</td>\n",
       "      <td>89500</td>\n",
       "      <td>192300</td>\n",
       "      <td>781000</td>\n",
       "      <td>740000</td>\n",
       "    </tr>\n",
       "  </tbody>\n",
       "</table>\n",
       "</div>"
      ],
      "text/plain": [
       "             삼성전자  SK하이닉스   NAVER  삼성바이오로직스    LG화학\n",
       "날짜                                                 \n",
       "2023-04-03  63100   87200  198200    778000  712000\n",
       "2023-04-04  63600   84500  201000    788000  722000\n",
       "2023-04-05  63900   84600  199200    788000  732000\n",
       "2023-04-06  62300   83800  191900    805000  716000\n",
       "2023-04-07  65000   89100  193400    796000  714000\n",
       "2023-04-10  65700   90700  193000    803000  750000\n",
       "2023-04-11  65900   91800  199900    812000  806000\n",
       "2023-04-12  66000   90300  198000    800000  775000\n",
       "2023-04-13  66100   88700  196400    815000  802000\n",
       "2023-04-14  65100   89300  199000    817000  802000\n",
       "2023-04-17  65300   88500  197000    812000  805000\n",
       "2023-04-18  65600   87600  192800    793000  825000\n",
       "2023-04-19  65500   88200  191400    788000  790000\n",
       "2023-04-20  65300   87700  191600    785000  800000\n",
       "2023-04-21  65700   89100  190300    785000  771000\n",
       "2023-04-24  65200   87200  190000    797000  767000\n",
       "2023-04-25  63600   85500  186100    786000  742000\n",
       "2023-04-26  64100   87400  188100    783000  727000\n",
       "2023-04-27  64600   88800  188200    778000  741000\n",
       "2023-04-28  65500   89500  192300    781000  740000"
      ]
     },
     "execution_count": 22,
     "metadata": {},
     "output_type": "execute_result"
    }
   ],
   "source": [
    "df"
   ]
  },
  {
   "cell_type": "code",
   "execution_count": 23,
   "metadata": {},
   "outputs": [],
   "source": [
    "daily_ret = np.log(df/df.shift(1))        #일간수익률\n",
    "annual_ret = daily_ret.mean() * 252 #연간수익률\n",
    "daily_cov = daily_ret.cov()         #일간변동률의 공분산\n",
    "annual_cov = daily_cov * 252        #연간공분산"
   ]
  },
  {
   "cell_type": "code",
   "execution_count": 25,
   "metadata": {},
   "outputs": [
    {
     "data": {
      "text/html": [
       "<div>\n",
       "<style scoped>\n",
       "    .dataframe tbody tr th:only-of-type {\n",
       "        vertical-align: middle;\n",
       "    }\n",
       "\n",
       "    .dataframe tbody tr th {\n",
       "        vertical-align: top;\n",
       "    }\n",
       "\n",
       "    .dataframe thead th {\n",
       "        text-align: right;\n",
       "    }\n",
       "</style>\n",
       "<table border=\"1\" class=\"dataframe\">\n",
       "  <thead>\n",
       "    <tr style=\"text-align: right;\">\n",
       "      <th></th>\n",
       "      <th>삼성전자</th>\n",
       "      <th>SK하이닉스</th>\n",
       "      <th>NAVER</th>\n",
       "      <th>삼성바이오로직스</th>\n",
       "      <th>LG화학</th>\n",
       "    </tr>\n",
       "    <tr>\n",
       "      <th>날짜</th>\n",
       "      <th></th>\n",
       "      <th></th>\n",
       "      <th></th>\n",
       "      <th></th>\n",
       "      <th></th>\n",
       "    </tr>\n",
       "  </thead>\n",
       "  <tbody>\n",
       "    <tr>\n",
       "      <th>2023-04-03</th>\n",
       "      <td>NaN</td>\n",
       "      <td>NaN</td>\n",
       "      <td>NaN</td>\n",
       "      <td>NaN</td>\n",
       "      <td>NaN</td>\n",
       "    </tr>\n",
       "    <tr>\n",
       "      <th>2023-04-04</th>\n",
       "      <td>0.007893</td>\n",
       "      <td>-0.031453</td>\n",
       "      <td>0.014028</td>\n",
       "      <td>0.012772</td>\n",
       "      <td>0.013947</td>\n",
       "    </tr>\n",
       "    <tr>\n",
       "      <th>2023-04-05</th>\n",
       "      <td>0.004706</td>\n",
       "      <td>0.001183</td>\n",
       "      <td>-0.008996</td>\n",
       "      <td>0.000000</td>\n",
       "      <td>0.013755</td>\n",
       "    </tr>\n",
       "    <tr>\n",
       "      <th>2023-04-06</th>\n",
       "      <td>-0.025358</td>\n",
       "      <td>-0.009501</td>\n",
       "      <td>-0.037335</td>\n",
       "      <td>0.021344</td>\n",
       "      <td>-0.022100</td>\n",
       "    </tr>\n",
       "    <tr>\n",
       "      <th>2023-04-07</th>\n",
       "      <td>0.042426</td>\n",
       "      <td>0.061326</td>\n",
       "      <td>0.007786</td>\n",
       "      <td>-0.011243</td>\n",
       "      <td>-0.002797</td>\n",
       "    </tr>\n",
       "    <tr>\n",
       "      <th>2023-04-10</th>\n",
       "      <td>0.010712</td>\n",
       "      <td>0.017798</td>\n",
       "      <td>-0.002070</td>\n",
       "      <td>0.008756</td>\n",
       "      <td>0.049190</td>\n",
       "    </tr>\n",
       "    <tr>\n",
       "      <th>2023-04-11</th>\n",
       "      <td>0.003040</td>\n",
       "      <td>0.012055</td>\n",
       "      <td>0.035127</td>\n",
       "      <td>0.011146</td>\n",
       "      <td>0.072011</td>\n",
       "    </tr>\n",
       "    <tr>\n",
       "      <th>2023-04-12</th>\n",
       "      <td>0.001516</td>\n",
       "      <td>-0.016475</td>\n",
       "      <td>-0.009550</td>\n",
       "      <td>-0.014889</td>\n",
       "      <td>-0.039221</td>\n",
       "    </tr>\n",
       "    <tr>\n",
       "      <th>2023-04-13</th>\n",
       "      <td>0.001514</td>\n",
       "      <td>-0.017878</td>\n",
       "      <td>-0.008114</td>\n",
       "      <td>0.018576</td>\n",
       "      <td>0.034246</td>\n",
       "    </tr>\n",
       "    <tr>\n",
       "      <th>2023-04-14</th>\n",
       "      <td>-0.015244</td>\n",
       "      <td>0.006742</td>\n",
       "      <td>0.013151</td>\n",
       "      <td>0.002451</td>\n",
       "      <td>0.000000</td>\n",
       "    </tr>\n",
       "    <tr>\n",
       "      <th>2023-04-17</th>\n",
       "      <td>0.003067</td>\n",
       "      <td>-0.008999</td>\n",
       "      <td>-0.010101</td>\n",
       "      <td>-0.006139</td>\n",
       "      <td>0.003734</td>\n",
       "    </tr>\n",
       "    <tr>\n",
       "      <th>2023-04-18</th>\n",
       "      <td>0.004584</td>\n",
       "      <td>-0.010222</td>\n",
       "      <td>-0.021550</td>\n",
       "      <td>-0.023677</td>\n",
       "      <td>0.024541</td>\n",
       "    </tr>\n",
       "    <tr>\n",
       "      <th>2023-04-19</th>\n",
       "      <td>-0.001526</td>\n",
       "      <td>0.006826</td>\n",
       "      <td>-0.007288</td>\n",
       "      <td>-0.006325</td>\n",
       "      <td>-0.043350</td>\n",
       "    </tr>\n",
       "    <tr>\n",
       "      <th>2023-04-20</th>\n",
       "      <td>-0.003058</td>\n",
       "      <td>-0.005685</td>\n",
       "      <td>0.001044</td>\n",
       "      <td>-0.003814</td>\n",
       "      <td>0.012579</td>\n",
       "    </tr>\n",
       "    <tr>\n",
       "      <th>2023-04-21</th>\n",
       "      <td>0.006107</td>\n",
       "      <td>0.015837</td>\n",
       "      <td>-0.006808</td>\n",
       "      <td>0.000000</td>\n",
       "      <td>-0.036923</td>\n",
       "    </tr>\n",
       "    <tr>\n",
       "      <th>2023-04-24</th>\n",
       "      <td>-0.007639</td>\n",
       "      <td>-0.021555</td>\n",
       "      <td>-0.001578</td>\n",
       "      <td>0.015171</td>\n",
       "      <td>-0.005202</td>\n",
       "    </tr>\n",
       "    <tr>\n",
       "      <th>2023-04-25</th>\n",
       "      <td>-0.024846</td>\n",
       "      <td>-0.019688</td>\n",
       "      <td>-0.020740</td>\n",
       "      <td>-0.013898</td>\n",
       "      <td>-0.033138</td>\n",
       "    </tr>\n",
       "    <tr>\n",
       "      <th>2023-04-26</th>\n",
       "      <td>0.007831</td>\n",
       "      <td>0.021979</td>\n",
       "      <td>0.010690</td>\n",
       "      <td>-0.003824</td>\n",
       "      <td>-0.020423</td>\n",
       "    </tr>\n",
       "    <tr>\n",
       "      <th>2023-04-27</th>\n",
       "      <td>0.007770</td>\n",
       "      <td>0.015891</td>\n",
       "      <td>0.000531</td>\n",
       "      <td>-0.006406</td>\n",
       "      <td>0.019074</td>\n",
       "    </tr>\n",
       "    <tr>\n",
       "      <th>2023-04-28</th>\n",
       "      <td>0.013836</td>\n",
       "      <td>0.007852</td>\n",
       "      <td>0.021551</td>\n",
       "      <td>0.003849</td>\n",
       "      <td>-0.001350</td>\n",
       "    </tr>\n",
       "  </tbody>\n",
       "</table>\n",
       "</div>"
      ],
      "text/plain": [
       "                삼성전자    SK하이닉스     NAVER  삼성바이오로직스      LG화학\n",
       "날짜                                                          \n",
       "2023-04-03       NaN       NaN       NaN       NaN       NaN\n",
       "2023-04-04  0.007893 -0.031453  0.014028  0.012772  0.013947\n",
       "2023-04-05  0.004706  0.001183 -0.008996  0.000000  0.013755\n",
       "2023-04-06 -0.025358 -0.009501 -0.037335  0.021344 -0.022100\n",
       "2023-04-07  0.042426  0.061326  0.007786 -0.011243 -0.002797\n",
       "2023-04-10  0.010712  0.017798 -0.002070  0.008756  0.049190\n",
       "2023-04-11  0.003040  0.012055  0.035127  0.011146  0.072011\n",
       "2023-04-12  0.001516 -0.016475 -0.009550 -0.014889 -0.039221\n",
       "2023-04-13  0.001514 -0.017878 -0.008114  0.018576  0.034246\n",
       "2023-04-14 -0.015244  0.006742  0.013151  0.002451  0.000000\n",
       "2023-04-17  0.003067 -0.008999 -0.010101 -0.006139  0.003734\n",
       "2023-04-18  0.004584 -0.010222 -0.021550 -0.023677  0.024541\n",
       "2023-04-19 -0.001526  0.006826 -0.007288 -0.006325 -0.043350\n",
       "2023-04-20 -0.003058 -0.005685  0.001044 -0.003814  0.012579\n",
       "2023-04-21  0.006107  0.015837 -0.006808  0.000000 -0.036923\n",
       "2023-04-24 -0.007639 -0.021555 -0.001578  0.015171 -0.005202\n",
       "2023-04-25 -0.024846 -0.019688 -0.020740 -0.013898 -0.033138\n",
       "2023-04-26  0.007831  0.021979  0.010690 -0.003824 -0.020423\n",
       "2023-04-27  0.007770  0.015891  0.000531 -0.006406  0.019074\n",
       "2023-04-28  0.013836  0.007852  0.021551  0.003849 -0.001350"
      ]
     },
     "execution_count": 25,
     "metadata": {},
     "output_type": "execute_result"
    }
   ],
   "source": [
    "daily_ret"
   ]
  },
  {
   "cell_type": "code",
   "execution_count": 24,
   "metadata": {},
   "outputs": [
    {
     "data": {
      "text/plain": [
       "삼성전자        0.495105\n",
       "SK하이닉스      0.345297\n",
       "NAVER      -0.400812\n",
       "삼성바이오로직스    0.051045\n",
       "LG화학        0.511590\n",
       "dtype: float64"
      ]
     },
     "execution_count": 24,
     "metadata": {},
     "output_type": "execute_result"
    }
   ],
   "source": [
    "annual_ret"
   ]
  },
  {
   "cell_type": "code",
   "execution_count": 26,
   "metadata": {},
   "outputs": [
    {
     "data": {
      "text/html": [
       "<div>\n",
       "<style scoped>\n",
       "    .dataframe tbody tr th:only-of-type {\n",
       "        vertical-align: middle;\n",
       "    }\n",
       "\n",
       "    .dataframe tbody tr th {\n",
       "        vertical-align: top;\n",
       "    }\n",
       "\n",
       "    .dataframe thead th {\n",
       "        text-align: right;\n",
       "    }\n",
       "</style>\n",
       "<table border=\"1\" class=\"dataframe\">\n",
       "  <thead>\n",
       "    <tr style=\"text-align: right;\">\n",
       "      <th></th>\n",
       "      <th>삼성전자</th>\n",
       "      <th>SK하이닉스</th>\n",
       "      <th>NAVER</th>\n",
       "      <th>삼성바이오로직스</th>\n",
       "      <th>LG화학</th>\n",
       "    </tr>\n",
       "  </thead>\n",
       "  <tbody>\n",
       "    <tr>\n",
       "      <th>삼성전자</th>\n",
       "      <td>0.000216</td>\n",
       "      <td>0.000206</td>\n",
       "      <td>0.000112</td>\n",
       "      <td>-0.000041</td>\n",
       "      <td>0.000113</td>\n",
       "    </tr>\n",
       "    <tr>\n",
       "      <th>SK하이닉스</th>\n",
       "      <td>0.000206</td>\n",
       "      <td>0.000448</td>\n",
       "      <td>0.000122</td>\n",
       "      <td>-0.000056</td>\n",
       "      <td>0.000040</td>\n",
       "    </tr>\n",
       "    <tr>\n",
       "      <th>NAVER</th>\n",
       "      <td>0.000112</td>\n",
       "      <td>0.000122</td>\n",
       "      <td>0.000274</td>\n",
       "      <td>0.000034</td>\n",
       "      <td>0.000219</td>\n",
       "    </tr>\n",
       "    <tr>\n",
       "      <th>삼성바이오로직스</th>\n",
       "      <td>-0.000041</td>\n",
       "      <td>-0.000056</td>\n",
       "      <td>0.000034</td>\n",
       "      <td>0.000148</td>\n",
       "      <td>0.000119</td>\n",
       "    </tr>\n",
       "    <tr>\n",
       "      <th>LG화학</th>\n",
       "      <td>0.000113</td>\n",
       "      <td>0.000040</td>\n",
       "      <td>0.000219</td>\n",
       "      <td>0.000119</td>\n",
       "      <td>0.000947</td>\n",
       "    </tr>\n",
       "  </tbody>\n",
       "</table>\n",
       "</div>"
      ],
      "text/plain": [
       "              삼성전자    SK하이닉스     NAVER  삼성바이오로직스      LG화학\n",
       "삼성전자      0.000216  0.000206  0.000112 -0.000041  0.000113\n",
       "SK하이닉스    0.000206  0.000448  0.000122 -0.000056  0.000040\n",
       "NAVER     0.000112  0.000122  0.000274  0.000034  0.000219\n",
       "삼성바이오로직스 -0.000041 -0.000056  0.000034  0.000148  0.000119\n",
       "LG화학      0.000113  0.000040  0.000219  0.000119  0.000947"
      ]
     },
     "execution_count": 26,
     "metadata": {},
     "output_type": "execute_result"
    }
   ],
   "source": [
    "daily_cov"
   ]
  },
  {
   "cell_type": "code",
   "execution_count": 27,
   "metadata": {},
   "outputs": [
    {
     "data": {
      "text/html": [
       "<div>\n",
       "<style scoped>\n",
       "    .dataframe tbody tr th:only-of-type {\n",
       "        vertical-align: middle;\n",
       "    }\n",
       "\n",
       "    .dataframe tbody tr th {\n",
       "        vertical-align: top;\n",
       "    }\n",
       "\n",
       "    .dataframe thead th {\n",
       "        text-align: right;\n",
       "    }\n",
       "</style>\n",
       "<table border=\"1\" class=\"dataframe\">\n",
       "  <thead>\n",
       "    <tr style=\"text-align: right;\">\n",
       "      <th></th>\n",
       "      <th>삼성전자</th>\n",
       "      <th>SK하이닉스</th>\n",
       "      <th>NAVER</th>\n",
       "      <th>삼성바이오로직스</th>\n",
       "      <th>LG화학</th>\n",
       "    </tr>\n",
       "  </thead>\n",
       "  <tbody>\n",
       "    <tr>\n",
       "      <th>삼성전자</th>\n",
       "      <td>0.054365</td>\n",
       "      <td>0.051922</td>\n",
       "      <td>0.028170</td>\n",
       "      <td>-0.010252</td>\n",
       "      <td>0.028528</td>\n",
       "    </tr>\n",
       "    <tr>\n",
       "      <th>SK하이닉스</th>\n",
       "      <td>0.051922</td>\n",
       "      <td>0.112972</td>\n",
       "      <td>0.030829</td>\n",
       "      <td>-0.014177</td>\n",
       "      <td>0.009971</td>\n",
       "    </tr>\n",
       "    <tr>\n",
       "      <th>NAVER</th>\n",
       "      <td>0.028170</td>\n",
       "      <td>0.030829</td>\n",
       "      <td>0.069034</td>\n",
       "      <td>0.008614</td>\n",
       "      <td>0.055063</td>\n",
       "    </tr>\n",
       "    <tr>\n",
       "      <th>삼성바이오로직스</th>\n",
       "      <td>-0.010252</td>\n",
       "      <td>-0.014177</td>\n",
       "      <td>0.008614</td>\n",
       "      <td>0.037304</td>\n",
       "      <td>0.029932</td>\n",
       "    </tr>\n",
       "    <tr>\n",
       "      <th>LG화학</th>\n",
       "      <td>0.028528</td>\n",
       "      <td>0.009971</td>\n",
       "      <td>0.055063</td>\n",
       "      <td>0.029932</td>\n",
       "      <td>0.238599</td>\n",
       "    </tr>\n",
       "  </tbody>\n",
       "</table>\n",
       "</div>"
      ],
      "text/plain": [
       "              삼성전자    SK하이닉스     NAVER  삼성바이오로직스      LG화학\n",
       "삼성전자      0.054365  0.051922  0.028170 -0.010252  0.028528\n",
       "SK하이닉스    0.051922  0.112972  0.030829 -0.014177  0.009971\n",
       "NAVER     0.028170  0.030829  0.069034  0.008614  0.055063\n",
       "삼성바이오로직스 -0.010252 -0.014177  0.008614  0.037304  0.029932\n",
       "LG화학      0.028528  0.009971  0.055063  0.029932  0.238599"
      ]
     },
     "execution_count": 27,
     "metadata": {},
     "output_type": "execute_result"
    }
   ],
   "source": [
    "annual_cov"
   ]
  },
  {
   "cell_type": "markdown",
   "metadata": {},
   "source": [
    "## 몬테가를로 시뮬레이션\n",
    "- 반복적인 무작위적 샘플링"
   ]
  },
  {
   "cell_type": "code",
   "execution_count": 32,
   "metadata": {},
   "outputs": [
    {
     "name": "stdout",
     "output_type": "stream",
     "text": [
      "[0.16209337 0.26991477 0.13472068 0.23122009 0.20205108]\n",
      "[0.21230245 0.21347486 0.16004737 0.26510123 0.14907409]\n",
      "[0.27602228 0.15813381 0.00796737 0.47214975 0.08572679]\n",
      "[0.33952768 0.10402283 0.22352691 0.07745012 0.25547246]\n",
      "[0.20181598 0.39493947 0.04065051 0.31186654 0.0507275 ]\n",
      "[0.27471748 0.39007746 0.10363724 0.04041904 0.19114877]\n",
      "[0.07035885 0.31344389 0.13445624 0.1778001  0.30394092]\n",
      "[0.03817399 0.2348491  0.33752363 0.16139282 0.22806045]\n",
      "[0.40819304 0.42454766 0.03335071 0.11181271 0.02209588]\n",
      "[0.15974455 0.11619389 0.12368357 0.20318338 0.39719461]\n",
      "[0.33296561 0.30793933 0.04353881 0.04133917 0.27421708]\n",
      "[0.04242195 0.28900816 0.13640594 0.39564205 0.13652189]\n",
      "[0.29073575 0.05068705 0.12958073 0.26530479 0.26369168]\n",
      "[0.27789347 0.26488981 0.19236174 0.11996645 0.14488852]\n",
      "[0.21355301 0.02517608 0.24351683 0.2699725  0.24778159]\n",
      "[0.11481984 0.14109555 0.29195199 0.18283772 0.2692949 ]\n",
      "[0.02649587 0.21653623 0.45188632 0.03650203 0.26857956]\n",
      "[0.08999025 0.00569339 0.27622423 0.30731644 0.32077569]\n",
      "[0.04033887 0.31333025 0.3506815  0.21062001 0.08502937]\n",
      "[0.13130694 0.11058085 0.23143173 0.29881276 0.22786772]\n",
      "[0.24847076 0.35504206 0.2568329  0.06594201 0.07371227]\n",
      "[0.01113068 0.28953852 0.21656631 0.32540086 0.15736363]\n",
      "[0.1810453  0.01330853 0.11569329 0.37342607 0.31652682]\n",
      "[0.22612664 0.21043154 0.21700495 0.11609874 0.23033812]\n",
      "[0.21118462 0.27318304 0.19458509 0.0807957  0.24025155]\n",
      "[0.28922988 0.1369585  0.14927478 0.19678144 0.2277554 ]\n",
      "[0.30194142 0.12111075 0.1320889  0.3270648  0.11779413]\n",
      "[0.27627937 0.19421088 0.38013503 0.01656614 0.13280858]\n",
      "[0.34647985 0.05444929 0.37267298 0.12435535 0.10204254]\n",
      "[0.1586533  0.19189844 0.21591644 0.23504238 0.19848944]\n",
      "[0.09366206 0.35079601 0.15228797 0.07550399 0.32774996]\n",
      "[0.17379845 0.20387769 0.45039838 0.00734576 0.16457972]\n",
      "[0.60743198 0.08901614 0.08673797 0.10782031 0.10899359]\n",
      "[0.21102243 0.25106741 0.12224558 0.13465754 0.28100704]\n",
      "[0.37524662 0.14289579 0.13463168 0.10683759 0.24038832]\n",
      "[0.31887493 0.14050052 0.19640859 0.27209707 0.0721189 ]\n",
      "[0.37158785 0.18396375 0.0896152  0.22962662 0.12520658]\n",
      "[0.21136998 0.31819023 0.00968782 0.18600373 0.27474824]\n",
      "[0.12820005 0.36380587 0.16739602 0.21477748 0.12582058]\n",
      "[0.10654502 0.11957099 0.43640538 0.05542811 0.28205049]\n",
      "[0.03924373 0.19690794 0.07928153 0.29665213 0.38791467]\n",
      "[0.21566762 0.24099744 0.22235852 0.03353192 0.2874445 ]\n",
      "[0.3482726  0.24057189 0.24053979 0.11915007 0.05146564]\n",
      "[0.189188   0.17106294 0.1635725  0.07339439 0.40278218]\n",
      "[0.03218775 0.26747102 0.18988846 0.18114791 0.32930487]\n",
      "[0.00987107 0.26945785 0.11530276 0.39145404 0.21391427]\n",
      "[0.30653967 0.2965146  0.16566284 0.09776693 0.13351595]\n",
      "[0.01535326 0.37650464 0.4927005  0.05589655 0.05954505]\n",
      "[0.10656061 0.28481677 0.10181568 0.25014363 0.25666331]\n",
      "[0.16126159 0.1821321  0.02629662 0.25818761 0.37212208]\n",
      "[0.26020741 0.25941784 0.09399035 0.25078294 0.13560147]\n",
      "[0.24282274 0.01162076 0.2808692  0.40641596 0.05827135]\n",
      "[0.08652922 0.28765088 0.09555094 0.34436529 0.18590366]\n",
      "[0.31262072 0.21422136 0.18747921 0.16316214 0.12251657]\n",
      "[0.26995948 0.04560919 0.32689333 0.22774203 0.12979597]\n",
      "[0.43851708 0.18321465 0.17563387 0.01368693 0.18894747]\n",
      "[0.09759484 0.14549548 0.24968015 0.08965116 0.41757837]\n",
      "[0.02417943 0.32865834 0.19938792 0.10965201 0.33812231]\n",
      "[0.11550246 0.27555085 0.18668128 0.1954654  0.22680001]\n",
      "[0.2964364  0.05882263 0.26381392 0.33674438 0.04418267]\n",
      "[0.26249436 0.11526231 0.12395688 0.20350786 0.29477859]\n",
      "[0.18372202 0.41815702 0.00042261 0.24637771 0.15132064]\n",
      "[0.11303532 0.34953758 0.14153868 0.29669957 0.09918886]\n",
      "[0.21421444 0.1406954  0.15564278 0.21579315 0.27365423]\n",
      "[0.12359707 0.05202678 0.0369002  0.72451992 0.06295603]\n",
      "[0.04410688 0.13772354 0.30163022 0.19089709 0.32564226]\n",
      "[0.32382093 0.07271319 0.31831185 0.13629893 0.14885509]\n",
      "[0.34695826 0.31977685 0.05555931 0.22715557 0.05055   ]\n",
      "[0.22288634 0.38414441 0.17597167 0.01786367 0.19913392]\n",
      "[0.0959207  0.08859583 0.16298785 0.28124251 0.37125311]\n",
      "[0.15609631 0.34716721 0.30639599 0.13218728 0.05815321]\n",
      "[0.11625961 0.12450695 0.0177492  0.17624605 0.56523819]\n",
      "[0.01742041 0.22369375 0.04959402 0.33005553 0.37923628]\n",
      "[0.34539228 0.30710494 0.10145161 0.18553964 0.06051153]\n",
      "[0.10068446 0.33734516 0.04290474 0.25626263 0.26280301]\n",
      "[0.10458748 0.2004812  0.42208168 0.03637924 0.2364704 ]\n",
      "[0.15900235 0.39788805 0.24714974 0.1618658  0.03409406]\n",
      "[0.2785752  0.40903772 0.10145861 0.00641859 0.20450987]\n",
      "[0.1211781  0.30187043 0.22064199 0.07200132 0.28430815]\n",
      "[0.32784338 0.23118869 0.16789135 0.168846   0.10423059]\n",
      "[0.19764901 0.36516073 0.04416651 0.35100324 0.04202052]\n",
      "[0.02785126 0.05915616 0.05394339 0.36476601 0.49428318]\n",
      "[0.15393382 0.32874158 0.07288787 0.31553128 0.12890545]\n",
      "[0.19399756 0.22863231 0.16372549 0.32484297 0.08880167]\n",
      "[0.18093261 0.03425915 0.07453699 0.32811161 0.38215964]\n",
      "[0.0482744  0.12278082 0.32993095 0.25091394 0.24809989]\n",
      "[0.33672901 0.14079463 0.09631823 0.30580154 0.12035659]\n",
      "[0.00612278 0.47599295 0.17205181 0.2186415  0.12719095]\n",
      "[0.1566089  0.34854693 0.04681268 0.24969733 0.19833415]\n",
      "[0.41230559 0.22244431 0.12985555 0.08027823 0.15511631]\n",
      "[0.11027652 0.20628501 0.30289638 0.07714136 0.30340074]\n",
      "[0.12160549 0.32934314 0.24065742 0.03962318 0.26877077]\n",
      "[0.2989704  0.10175518 0.12731558 0.00516054 0.4667983 ]\n",
      "[0.07957494 0.17779171 0.15899548 0.30995138 0.27368649]\n",
      "[0.08794255 0.07839169 0.28903504 0.32607226 0.21855847]\n",
      "[0.24121155 0.29233042 0.21376906 0.01019143 0.24249754]\n",
      "[0.41786357 0.13949846 0.15205831 0.27029394 0.02028573]\n",
      "[0.3645339  0.02152754 0.4011914  0.1851246  0.02762256]\n",
      "[0.23737897 0.25567207 0.07195272 0.17229364 0.26270259]\n",
      "[0.29629793 0.18070465 0.11139514 0.22194061 0.18966168]\n",
      "[0.0955827  0.15629894 0.2765508  0.19059199 0.28097558]\n",
      "[0.06994751 0.21043755 0.12246221 0.25554222 0.34161051]\n",
      "[0.32617457 0.15693483 0.1751677  0.18112339 0.1605995 ]\n",
      "[0.24923055 0.20649903 0.09352332 0.29058368 0.16016342]\n",
      "[0.33174749 0.15005395 0.39231326 0.0549113  0.070974  ]\n",
      "[0.06354801 0.31055299 0.30099091 0.24988878 0.07501931]\n",
      "[0.02169195 0.02281747 0.41438877 0.42608427 0.11501754]\n",
      "[0.3421026  0.21566002 0.14026746 0.28847698 0.01349294]\n",
      "[0.04389358 0.14362187 0.13197896 0.23205958 0.44844601]\n",
      "[0.07770792 0.07885499 0.04178765 0.63456364 0.16708581]\n",
      "[0.19967249 0.07862178 0.28288075 0.19809196 0.24073303]\n",
      "[0.30711764 0.3439714  0.06979996 0.21043004 0.06868096]\n",
      "[0.39585395 0.22277566 0.07241067 0.18298388 0.12597584]\n",
      "[0.02632159 0.27808552 0.10238643 0.43834614 0.15486032]\n",
      "[0.17230345 0.05947905 0.28523383 0.23073139 0.25225228]\n",
      "[0.22099158 0.52959655 0.1669594  0.04368596 0.03876652]\n",
      "[0.27721896 0.32408419 0.03586961 0.12534424 0.23748299]\n",
      "[0.19295    0.22617318 0.16178647 0.15033889 0.26875146]\n",
      "[0.24187567 0.25336103 0.1322307  0.14170998 0.23082262]\n",
      "[0.54720942 0.0233585  0.24555438 0.09364394 0.09023376]\n",
      "[0.04608771 0.41465925 0.34010981 0.00594247 0.19320076]\n",
      "[0.0871825  0.36320293 0.31309263 0.06222107 0.17430088]\n",
      "[0.20339732 0.15744877 0.11835364 0.25205508 0.26874519]\n",
      "[0.25599763 0.31318822 0.05392226 0.32560734 0.05128456]\n",
      "[0.20412608 0.23934208 0.15506072 0.10529387 0.29617725]\n",
      "[0.21211309 0.19658523 0.19279733 0.12481834 0.27368602]\n",
      "[0.38096182 0.32428353 0.07007009 0.20946543 0.01521913]\n",
      "[0.002747   0.32018    0.29201916 0.27568563 0.10936821]\n",
      "[0.44469946 0.01392404 0.05615851 0.08312678 0.4020912 ]\n",
      "[0.2215459  0.27604675 0.19535008 0.20071258 0.1063447 ]\n",
      "[0.43984754 0.08500355 0.20967259 0.15595268 0.10952364]\n",
      "[0.1369475  0.16544744 0.29731223 0.16508918 0.23520366]\n",
      "[0.07931462 0.111308   0.13506669 0.43616993 0.23814076]\n",
      "[0.10643568 0.28073907 0.16619475 0.27910954 0.16752096]\n",
      "[0.14979632 0.36408997 0.07061178 0.16605586 0.24944608]\n",
      "[0.24901808 0.10116221 0.12273751 0.29868181 0.22840039]\n",
      "[0.24034823 0.12842375 0.139553   0.22823997 0.26343505]\n",
      "[0.16699702 0.35277662 0.18001558 0.02058336 0.27962741]\n",
      "[0.32688768 0.30590861 0.02490198 0.16861908 0.17368265]\n",
      "[0.11426687 0.03016234 0.29356826 0.33147142 0.23053112]\n",
      "[0.02483311 0.32871773 0.30682002 0.24472144 0.0949077 ]\n",
      "[0.03902232 0.27320259 0.29610157 0.15755136 0.23412216]\n",
      "[0.44324676 0.21547587 0.29683941 0.02700281 0.01743514]\n",
      "[0.16191538 0.34346572 0.01434626 0.18942341 0.29084923]\n",
      "[0.19876093 0.22637885 0.32775191 0.21711068 0.02999762]\n",
      "[0.05618089 0.40747502 0.29543565 0.14890445 0.09200399]\n",
      "[0.19005791 0.25829071 0.27291902 0.05862269 0.22010967]\n",
      "[0.2282257  0.33014971 0.1770855  0.12972701 0.13481207]\n",
      "[0.07521284 0.22581726 0.26808308 0.08176482 0.34912199]\n",
      "[0.15893081 0.18483856 0.33711639 0.00929581 0.30981843]\n",
      "[0.3369889  0.28820631 0.08654814 0.20781938 0.08043726]\n",
      "[0.32789351 0.04264454 0.41453029 0.02517766 0.189754  ]\n",
      "[0.08357274 0.18915639 0.31133915 0.16521304 0.25071868]\n",
      "[0.45328817 0.24811063 0.21877159 0.03741326 0.04241636]\n",
      "[0.27316709 0.09797664 0.31528354 0.12458064 0.18899209]\n",
      "[0.32007035 0.32889372 0.13990548 0.07089902 0.14023142]\n",
      "[0.26097872 0.10732053 0.17409    0.22677376 0.23083699]\n",
      "[0.27617177 0.20916999 0.0788618  0.29138152 0.14441492]\n",
      "[0.22612763 0.0623505  0.25233417 0.31379211 0.14539559]\n",
      "[0.03295676 0.27748533 0.26379136 0.36737589 0.05839067]\n",
      "[0.22879366 0.24474454 0.11437209 0.25317319 0.15891652]\n",
      "[0.35369393 0.10469885 0.06599534 0.11742502 0.35818686]\n",
      "[0.16872349 0.4114342  0.00673399 0.40429571 0.00881261]\n",
      "[0.2012093  0.12207288 0.15677969 0.36800415 0.15193398]\n",
      "[0.35580908 0.23448267 0.24820002 0.12196629 0.03954193]\n",
      "[0.18977459 0.25249901 0.24933554 0.12653324 0.18185761]\n",
      "[0.02552001 0.48649544 0.12397996 0.15669857 0.20730601]\n",
      "[0.22905217 0.20680531 0.18016922 0.23296101 0.1510123 ]\n",
      "[0.11889404 0.17098435 0.22422672 0.13022504 0.35566985]\n",
      "[0.14507712 0.27334033 0.16263206 0.23606763 0.18288285]\n",
      "[0.18595791 0.31029089 0.12625391 0.32216069 0.0553366 ]\n",
      "[0.06743224 0.21100118 0.27663432 0.23668295 0.2082493 ]\n",
      "[0.14207043 0.09584629 0.37817851 0.30353464 0.08037013]\n",
      "[0.11536132 0.27947314 0.308341   0.21879079 0.07803376]\n",
      "[0.03924712 0.30989287 0.18710313 0.32833889 0.13541798]\n",
      "[0.078373   0.38082292 0.33609245 0.03019229 0.17451934]\n",
      "[0.08206217 0.32754412 0.28758057 0.14526969 0.15754345]\n",
      "[0.17347645 0.05308077 0.24068058 0.40309788 0.12966432]\n",
      "[0.15028002 0.28236942 0.19129409 0.09544363 0.28061284]\n",
